set DISCIPLINAS := D1 D2 D3 D4 D5 D6 D7 D8 D9 D10 D11 D12 D13 D14 D15 D16 D17 D18 D19 D20 D21 D22 D23 D24 D25 D26 D27 D28 D29 D30 D31 D32 D33 D34 D35 D36 D37 D38 D39 D40 D41 D42 D43 D44 D45 D46 D47 D48 D49 D50 D51 D52 D53 D54 D55 D56 D57 D58 D59 D60 D61 D62 D63 D64 D65 D66 D67 D68 D69 D70 D71 D72 D73 D74 D75 D76 D77 D78 D79 D80 D81 D82 D83 D84 D85 D86 D87 D88 D89 D90 D91 D92 D93 D94 D95 D96 D97 D98 D99 D100 D101;
set SALAS := S1 S2 S3 S4 S5 S6 S7 S8 S9 S10 S11 S12 S13 S14 S15 S16 S17 S18 S19 S20 S21 S22 S23 S24 S25 S26 S27 S28 S29 S30 S31 S32 S33 S34 S35 S36 S37 S38 S39 S40 S41 S42 S43 S44 S45 S46 S47 S48 S49 S50 S51 S52 S53 S54 S55 S56 S57 S58 S59 S60 S61 S62 S63 S64 S65 S66 S67 S68 S69 S70 S71 S72 S73 S74 S75 S76 S77 S78 S79 S80 S81 S82 S83 S84 S85 S86 S87 S88 S89 S90 S91 S92 S93 S94 S95 S96 S97 S98 S99 S100 S101;

param N :=
D1 25
D2 33
D3 44
D4 49
D5 36
D6 10
D7 14
D8 23
D9 10
D10 35
D11 48
D12 18
D13 24
D14 51
D15 41
D16 41
D17 14
D18 48
D19 20
D20 45
D21 41
D22 31
D23 11
D24 54
D25 62
D26 37
D27 53
D28 29
D29 20
D30 34
D31 42
D32 66
D33 22
D34 15
D35 36
D36 39
D37 42
D38 51
D39 33
D40 18
D41 58
D42 58
D43 21
D44 11
D45 26
D46 11
D47 37
D48 14
D49 42
D50 28
D51 53
D52 41
D53 41
D54 20
D55 26
D56 33
D57 61
D58 15
D59 20
D60 42
D61 15
D62 38
D63 29
D64 45
D65 35
D66 28
D67 41
D68 42
D69 27
D70 20
D71 34
D72 32
D73 19
D74 16
D75 35
D76 58
D77 10
D78 21
D79 46
D80 64
D81 18
D82 28
D83 25
D84 29
D85 31
D86 33
D87 17
D88 47
D89 12
D90 12
D91 38
D92 27
D93 31
D94 25
D95 18
D96 10
D97 42
D98 30
D99 29
D100 16
D101 26
;

param C :=
S1 68
S2 58
S3 44
S4 37
S5 50
S6 68
S7 48
S8 52
S9 40
S10 40
S11 53
S12 65
S13 69
S14 53
S15 32
S16 51
S17 31
S18 53
S19 59
S20 67
S21 31
S22 50
S23 62
S24 41
S25 51
S26 54
S27 56
S28 57
S29 45
S30 44
S31 32
S32 66
S33 36
S34 50
S35 38
S36 68
S37 47
S38 33
S39 54
S40 43
S41 38
S42 55
S43 31
S44 49
S45 57
S46 36
S47 37
S48 64
S49 43
S50 46
S51 65
S52 69
S53 33
S54 31
S55 35
S56 33
S57 58
S58 47
S59 55
S60 63
S61 39
S62 65
S63 43
S64 60
S65 44
S66 37
S67 43
S68 52
S69 69
S70 50
S71 45
S72 47
S73 53
S74 55
S75 54
S76 70
S77 58
S78 44
S79 30
S80 54
S81 36
S82 38
S83 53
S84 30
S85 37
S86 53
S87 40
S88 46
S89 37
S90 64
S91 64
S92 62
S93 34
S94 68
S95 70
S96 57
S97 36
S98 38
S99 37
S100 41
S101 63
;

param D : S1 S2 S3 S4 S5 S6 S7 S8 S9 S10 S11 S12 S13 S14 S15 S16 S17 S18 S19 S20 S21 S22 S23 S24 S25 S26 S27 S28 S29 S30 S31 S32 S33 S34 S35 S36 S37 S38 S39 S40 S41 S42 S43 S44 S45 S46 S47 S48 S49 S50 S51 S52 S53 S54 S55 S56 S57 S58 S59 S60 S61 S62 S63 S64 S65 S66 S67 S68 S69 S70 S71 S72 S73 S74 S75 S76 S77 S78 S79 S80 S81 S82 S83 S84 S85 S86 S87 S88 S89 S90 S91 S92 S93 S94 S95 S96 S97 S98 S99 S100 S101 :=
D1 1 3 6 7 6 6 6 3 6 8 2 5 1 1 5 3 4 3 1 1 5 6 3 9 5 8 1 5 3 1 4 5 7 1 3 2 9 6 3 8 8 2 6 7 2 2 1 8 1 9 6 7 7 3 2 9 8 7 9 4 4 1 8 3 7 2 2 7 6 3 9 6 6 1 4 6 6 5 1 8 5 5 7 4 6 4 3 7 8 4 2 3 1 8 3 7 5 5 7 9 5
D2 1 1 2 6 9 8 5 1 7 5 6 7 3 3 5 6 9 5 1 4 5 5 7 4 1 5 7 6 5 4 2 4 3 1 8 5 4 8 7 2 1 4 8 2 3 1 1 3 5 3 1 1 8 2 3 2 3 7 1 8 2 3 9 7 4 5 2 8 4 9 5 9 4 5 9 8 3 1 3 4 2 1 7 8 7 5 1 7 7 9 3 9 1 1 4 9 6 3 1 4 9
D3 3 9 7 4 3 5 5 3 9 4 5 4 5 7 9 7 5 7 5 3 7 2 9 1 6 7 8 9 2 2 5 5 6 3 8 1 6 4 1 7 9 4 4 6 3 6 7 3 7 3 2 4 8 9 7 1 3 9 1 9 8 1 6 5 6 5 6 5 5 4 3 3 4 9 2 9 1 1 5 6 6 3 7 9 8 6 8 5 8 4 8 2 5 9 4 6 1 9 1 5 4
D4 3 6 2 3 5 9 2 8 2 5 7 8 1 6 1 2 1 5 9 6 1 1 2 9 3 1 5 7 6 1 5 5 6 3 5 7 5 5 5 3 1 5 9 1 3 4 1 1 8 2 8 7 2 6 6 3 2 1 6 5 9 1 7 5 5 2 3 7 6 2 6 2 2 2 3 2 4 9 6 1 8 7 3 1 5 4 8 1 1 4 8 5 2 6 5 2 3 9 7 7 6
D5 8 4 8 4 8 9 3 3 2 3 3 5 5 2 6 5 6 1 5 9 2 1 9 9 9 6 8 1 4 1 8 1 3 4 8 6 7 8 2 8 3 7 3 7 2 6 3 3 9 7 5 7 9 1 7 6 9 1 4 9 4 3 9 2 4 6 2 8 8 1 3 9 5 6 4 2 8 6 5 9 1 5 6 5 6 6 7 4 8 7 9 7 3 3 8 5 4 8 6 2 4
D6 4 6 6 1 8 6 3 9 2 8 3 5 6 6 4 3 4 1 4 1 1 6 5 4 3 1 6 2 8 5 7 2 8 2 4 1 5 9 1 9 8 6 7 3 1 5 2 5 8 9 2 3 3 1 8 6 8 9 5 3 5 5 5 3 4 9 9 2 8 8 7 8 3 6 1 7 1 9 1 1 7 2 5 8 8 3 7 3 6 6 3 7 3 8 4 1 4 7 4 6 9
D7 1 5 7 1 4 6 2 5 1 6 6 4 8 4 8 8 5 4 2 3 3 4 4 5 4 8 6 6 8 7 8 2 9 1 8 4 4 5 8 5 8 1 9 6 3 8 9 6 7 1 5 5 4 6 7 9 1 6 7 3 8 5 9 5 9 4 9 5 9 3 4 9 6 2 7 2 2 1 3 6 8 9 7 4 6 5 8 1 1 6 2 5 1 7 1 4 9 1 4 6 6
D8 8 1 7 1 7 3 8 3 1 8 3 2 1 3 2 2 6 1 2 6 3 4 1 8 7 7 3 3 2 1 7 7 2 7 8 1 9 7 3 8 7 8 6 9 5 3 3 1 8 2 3 8 8 4 4 5 6 5 7 2 7 7 1 7 5 3 3 4 2 2 1 5 4 2 3 7 7 4 5 5 6 9 2 5 3 4 6 8 1 8 7 1 2 3 1 9 8 2 9 7 9
D9 6 6 4 2 7 5 6 2 5 4 9 6 2 1 5 9 6 7 5 6 5 9 6 8 2 9 5 7 1 5 2 6 1 3 5 4 3 5 8 4 1 7 8 3 6 2 7 8 6 6 5 8 1 4 4 3 3 4 1 2 9 2 5 9 9 8 1 1 9 8 9 7 3 3 2 5 3 6 2 3 5 1 1 9 7 1 8 3 8 5 1 7 5 6 6 8 9 2 9 9 7
D10 1 7 5 6 7 5 7 9 3 8 2 7 2 4 7 3 2 7 1 8 3 2 3 5 8 7 7 7 8 1 4 6 9 2 1 2 7 3 2 7 2 3 7 4 1 5 9 8 9 9 7 4 5 1 1 3 8 2 4 2 5 9 1 5 9 1 9 8 4 5 5 6 7 8 8 2 9 7 4 4 8 4 6 5 3 2 9 9 1 3 8 6 5 5 6 7 1 9 3 4 1
D11 3 2 2 1 8 3 3 6 8 9 9 4 5 2 9 8 3 9 3 9 2 9 8 9 5 2 8 6 8 5 2 6 5 5 1 2 8 3 3 8 8 2 8 1 6 8 3 8 1 9 9 5 4 6 7 5 9 3 7 5 7 2 4 2 7 2 1 9 1 8 2 8 3 6 3 7 9 2 5 6 4 4 4 2 4 1 6 1 6 1 6 8 2 2 4 3 4 7 1 6 3
D12 7 2 2 4 1 3 9 7 7 4 2 4 6 3 1 8 5 5 4 6 3 9 5 3 1 6 2 3 1 9 8 2 8 9 1 5 8 2 4 7 3 5 8 3 4 9 7 1 4 4 9 6 9 6 6 5 5 2 8 8 1 8 5 2 2 6 9 1 6 9 8 6 3 8 9 1 9 6 6 4 1 8 2 1 2 1 1 9 1 4 6 7 2 6 7 2 2 7 1 8 3
D13 6 9 6 9 7 9 2 8 8 2 4 7 4 4 6 6 3 9 2 6 7 9 3 3 7 4 8 7 5 7 3 2 6 2 3 6 5 8 9 3 3 3 6 1 7 1 5 8 4 5 4 4 8 2 1 3 9 4 5 2 4 2 2 4 6 7 3 3 6 3 2 8 5 1 3 8 4 7 2 7 5 5 6 9 6 8 7 9 4 2 7 6 1 9 9 2 3 5 5 1 8
D14 8 4 7 3 6 9 1 5 4 8 1 9 6 4 9 5 5 5 1 1 8 8 6 4 2 2 9 5 4 1 7 3 6 5 5 5 1 1 3 4 5 2 8 2 9 2 9 7 8 2 7 6 4 7 4 2 7 8 2 5 1 7 8 6 5 6 2 1 7 7 2 2 1 8 8 1 8 9 4 1 1 3 5 5 9 2 2 6 9 1 9 9 9 5 9 4 2 6 4 6 3
D15 6 2 2 9 7 3 1 8 6 7 9 5 1 7 5 3 9 1 1 1 3 6 3 8 2 9 3 5 8 2 6 5 9 5 2 5 4 7 6 2 5 7 7 5 9 4 3 4 5 6 3 2 4 5 4 3 8 4 2 2 1 4 9 7 7 7 8 1 8 4 4 4 6 7 6 1 8 7 6 6 5 6 9 9 8 9 8 8 1 5 4 2 8 3 4 7 9 2 3 4 1
D16 7 2 5 1 3 2 1 7 5 1 6 5 3 7 9 9 9 2 3 7 5 2 3 6 7 9 1 7 8 3 4 6 7 4 8 5 1 4 3 9 8 1 6 9 7 4 1 2 5 5 8 6 8 2 3 6 3 6 6 2 7 2 6 1 3 2 7 4 8 6 4 5 9 7 9 7 1 8 4 3 7 3 8 6 5 4 8 8 1 9 5 4 6 6 2 8 7 1 5 6 4
D17 2 4 1 7 2 2 9 5 2 9 9 1 3 4 7 4 2 7 6 3 6 6 5 4 1 6 2 3 8 6 3 7 4 9 5 3 2 2 3 2 4 2 9 2 9 6 1 4 1 6 4 3 3 9 6 9 5 2 8 5 2 4 9 4 4 2 6 2 7 3 3 5 3 2 9 2 2 8 9 7 3 9 3 5 9 3 7 1 4 4 7 8 1 5 7 4 4 4 6 7 2
D18 5 4 3 7 6 7 5 6 5 7 2 5 6 6 5 7 8 7 5 1 5 2 5 5 2 5 4 1 3 1 5 4 7 5 4 2 4 2 8 3 9 4 6 5 1 9 1 8 9 9 1 2 1 2 8 5 7 2 8 6 8 1 1 7 8 3 5 1 7 5 8 8 9 7 1 3 8 3 8 1 5 4 5 8 4 4 3 7 3 3 5 5 6 8 6 1 8 8 9 9 2
D19 2 3 1 4 4 9 9 9 7 2 5 4 8 2 6 5 2 1 8 2 7 9 9 8 9 2 6 4 4 5 3 1 8 5 3 7 7 1 9 2 5 5 8 8 7 7 6 6 9 6 2 2 5 4 2 3 7 8 6 5 1 8 3 6 3 7 7 9 5 8 8 1 5 3 1 4 8 3 2 9 5 7 2 9 9 4 4 6 6 1 9 2 5 9 4 3 7 6 8 3 5
D20 4 4 4 8 6 3 5 6 5 6 8 7 5 6 4 9 4 1 7 7 4 3 8 5 7 4 4 8 8 2 2 3 3 1 3 6 8 6 5 4 3 4 7 1 7 1 2 4 1 9 6 1 1 6 4 4 6 7 9 5 9 4 2 3 1 6 6 1 3 5 3 3 3 5 5 4 1 5 5 4 6 4 7 7 2 3 1 8 9 4 6 9 6 9 4 8 9 4 5 8 6
D21 7 3 7 8 6 9 6 9 4 8 4 2 9 5 4 2 1 7 6 2 8 4 8 7 5 8 9 5 5 2 5 3 7 5 8 1 3 3 9 5 9 9 1 2 5 4 9 7 6 7 1 1 8 2 9 7 6 1 1 2 6 6 2 1 5 5 2 6 9 2 2 3 7 6 8 8 6 3 3 1 7 5 4 4 4 6 8 8 5 6 4 9 8 1 2 9 8 3 8 1 4
D22 3 6 7 4 7 9 2 3 5 3 8 8 8 9 4 5 5 8 7 9 8 2 4 6 2 7 3 3 2 8 6 1 1 7 8 5 5 4 6 6 3 9 7 1 7 5 5 2 4 6 7 5 9 3 1 4 9 4 2 5 3 9 4 6 2 6 3 9 2 9 5 8 2 6 3 5 8 1 5 3 4 2 9 3 2 9 7 6 1 5 3 1 4 2 2 3 8 8 7 6 9
D23 4 1 8 7 7 3 4 9 6 5 3 9 5 5 4 4 1 7 9 3 2 3 1 6 7 2 8 6 4 5 8 3 3 4 1 9 8 8 6 7 6 9 3 3 3 3 9 4 7 9 7 9 3 4 8 6 5 4 8 1 9 1 8 4 9 5 3 9 9 4 4 8 2 9 6 9 8 7 1 3 2 5 5 5 4 5 3 1 5 9 9 4 3 1 2 8 1 8 7 8 6
D24 9 3 4 6 8 5 3 6 4 9 3 4 7 7 4 6 3 6 2 8 2 7 9 1 8 7 6 6 6 9 2 1 6 8 3 1 9 1 3 8 3 4 8 1 6 1 1 8 4 1 7 5 5 1 6 9 9 8 5 1 9 1 8 5 3 7 7 9 7 3 1 8 3 8 8 5 1 7 5 8 9 7 7 1 4 2 2 2 4 1 4 2 5 3 8 4 1 1 3 9 7
D25 2 9 2 3 2 3 6 9 9 7 3 4 6 5 2 6 3 8 2 1 9 3 1 7 5 5 1 9 7 8 9 6 5 6 2 4 3 7 9 5 6 2 3 3 9 7 8 9 6 4 1 8 7 2 8 5 7 4 5 8 1 1 4 3 2 3 1 1 6 5 8 2 4 8 6 1 4 1 2 5 8 8 3 4 6 3 2 6 5 5 5 5 3 7 6 4 2 9 1 4 1
D26 6 4 5 5 9 1 2 6 5 7 3 3 2 3 1 5 5 7 4 3 1 8 3 2 4 3 1 3 2 8 6 9 8 3 5 7 5 8 5 1 5 4 6 3 5 2 6 6 5 6 7 5 1 8 4 9 6 1 3 3 4 6 7 4 6 1 8 7 9 3 2 1 3 5 2 3 4 7 3 9 8 4 1 1 1 1 8 3 6 3 5 7 2 6 6 3 6 5 2 9 8
D27 3 8 9 3 3 2 8 1 8 7 7 3 1 4 9 5 1 5 8 8 5 9 1 4 3 2 8 7 9 2 4 6 3 8 3 2 3 6 2 8 1 7 2 6 2 2 8 2 7 3 8 7 8 7 6 7 5 7 1 1 9 5 5 3 5 3 9 9 6 1 7 7 4 8 6 4 4 2 2 4 5 8 6 4 7 8 2 7 2 2 8 2 9 1 9 1 2 6 6 1 7
D28 8 2 8 9 6 5 9 9 1 3 9 2 4 4 2 3 3 1 6 8 3 5 1 7 1 9 8 7 7 5 5 5 1 8 1 4 9 9 5 4 3 3 5 1 5 6 7 9 3 2 3 9 7 9 2 5 4 2 9 9 6 6 8 6 1 4 7 2 9 8 8 7 4 2 3 6 5 8 6 6 1 4 5 3 9 1 6 6 5 5 5 6 8 2 6 1 4 3 9 3 6
D29 1 6 4 8 9 4 6 1 4 7 1 8 6 5 9 2 5 6 7 5 9 1 7 7 4 9 5 4 7 4 3 9 8 1 7 9 8 8 6 4 8 3 9 2 2 7 4 8 9 7 5 8 4 2 6 9 1 7 9 9 3 5 8 8 4 1 1 4 6 8 6 9 9 2 1 2 5 4 4 9 8 6 1 2 6 2 5 5 6 6 6 2 3 6 8 1 1 2 6 9 4
D30 3 8 9 5 9 2 3 7 7 6 6 2 6 4 3 2 1 5 2 2 7 8 8 4 1 7 1 4 8 2 6 6 9 5 4 5 5 8 8 2 7 8 6 5 9 3 4 9 6 8 7 2 3 1 9 7 1 3 4 4 5 3 3 1 7 1 2 4 4 5 2 4 1 2 1 4 4 7 9 9 5 1 1 6 2 8 9 4 5 8 3 5 3 3 3 7 7 7 8 5 5
D31 4 7 4 2 4 8 9 3 7 9 4 3 5 1 3 8 8 4 2 8 8 4 3 2 9 1 7 5 8 4 7 5 5 9 9 9 6 6 5 9 8 7 7 6 5 4 3 3 6 4 6 3 4 9 5 7 2 5 9 3 9 6 4 7 8 6 5 6 5 8 1 7 2 9 1 6 9 1 4 4 9 5 5 6 1 1 9 3 4 1 9 8 2 8 7 6 1 7 7 9 1
D32 2 9 9 6 6 4 4 5 3 1 1 7 1 1 3 4 4 2 1 3 4 3 8 1 2 7 4 8 3 6 9 1 1 8 3 5 1 5 6 8 3 3 9 4 4 7 2 8 6 3 9 5 8 7 8 7 3 2 7 3 3 2 4 8 1 1 5 5 1 6 1 5 9 5 6 8 1 2 9 3 6 5 2 7 4 1 4 6 7 7 7 3 6 8 4 8 2 9 9 8 1
D33 2 6 5 9 5 2 4 9 1 1 7 3 2 9 3 2 8 6 6 7 7 6 4 9 6 4 3 4 3 2 5 2 6 3 6 9 1 6 9 4 2 4 1 3 9 5 6 3 5 8 6 4 2 9 1 1 4 7 1 9 4 3 1 4 9 6 6 1 2 6 2 3 4 5 9 4 9 3 8 1 9 9 2 4 8 7 1 5 7 4 1 9 5 2 8 2 3 1 2 7 2
D34 6 3 4 8 3 6 1 7 8 8 3 1 9 6 9 7 1 1 6 5 9 2 8 5 2 6 8 4 2 5 2 2 6 9 4 6 7 6 8 4 1 7 3 6 2 9 1 6 6 5 5 1 5 2 7 3 4 3 3 4 5 1 4 8 7 9 5 4 8 9 7 7 5 4 1 7 1 1 5 9 6 3 3 7 6 9 6 5 7 1 7 3 9 6 9 5 7 4 7 1 7
D35 8 5 2 5 6 2 6 6 1 1 3 3 4 2 9 7 7 6 3 6 8 8 9 1 1 3 3 8 1 2 2 3 6 1 2 1 5 7 8 1 7 5 1 3 7 1 7 5 1 1 1 9 3 5 9 6 9 8 8 1 9 6 9 3 3 6 9 7 3 3 2 9 3 5 9 8 2 3 2 8 6 6 9 8 4 4 9 1 2 2 6 4 3 3 3 6 8 7 4 4 2
D36 1 9 2 8 9 4 8 9 5 7 4 1 3 5 3 7 9 6 1 7 3 5 4 5 5 6 6 8 8 9 8 2 1 2 2 3 7 2 1 6 9 3 6 3 1 5 4 7 6 7 5 4 7 7 6 8 4 5 4 1 8 1 5 6 6 5 3 5 8 2 6 9 8 8 8 7 8 6 2 2 8 1 6 6 4 3 3 1 3 4 5 3 6 5 3 6 6 8 2 1 4
D37 7 3 3 5 5 3 9 4 3 2 9 4 3 7 8 2 7 5 5 3 5 2 4 6 1 4 6 9 2 7 6 2 8 7 5 5 7 9 9 9 6 6 3 1 7 4 1 8 6 6 2 1 2 4 2 1 7 8 6 4 6 3 8 2 5 1 6 2 4 6 8 8 6 4 8 8 1 4 4 7 7 8 5 7 8 9 3 3 4 5 1 7 9 8 5 4 7 5 7 1 1
D38 3 2 2 7 2 4 2 6 8 4 5 4 3 5 9 8 8 8 8 7 8 8 8 7 1 4 4 5 6 4 2 6 8 8 7 6 2 7 5 6 8 8 3 7 1 1 7 9 7 5 8 2 9 6 9 2 3 8 1 7 7 1 9 8 4 5 2 9 6 3 7 9 3 2 7 7 4 9 8 1 1 5 6 3 9 6 4 7 8 9 6 6 8 5 3 3 6 2 6 6 8
D39 7 8 9 6 3 3 1 5 4 9 9 5 4 7 6 4 2 1 4 4 1 6 4 1 1 1 8 8 2 7 8 8 7 5 1 9 7 2 6 2 1 7 2 2 5 5 7 1 8 3 4 9 4 5 7 4 1 9 4 9 6 1 3 2 9 1 9 9 8 8 1 8 3 7 1 1 5 5 8 7 8 6 6 2 6 5 3 6 8 9 1 3 3 8 1 5 3 2 8 3 7
D40 1 6 3 8 6 2 6 7 5 3 4 4 6 1 4 4 1 9 4 7 3 3 8 8 1 2 8 1 8 8 2 4 6 9 8 8 7 9 2 3 8 6 9 4 8 3 3 8 5 3 1 3 9 5 2 7 2 4 7 4 7 7 1 6 9 2 3 5 9 4 1 4 6 5 1 4 6 4 9 5 8 9 5 6 1 7 4 2 5 3 6 8 7 3 8 2 9 4 1 8 7
D41 5 5 7 5 8 6 5 9 2 1 8 3 7 8 6 9 7 5 8 2 7 4 9 1 7 6 8 5 1 1 9 6 5 1 6 6 3 8 1 1 6 1 6 1 6 3 8 6 1 5 8 3 6 5 6 1 7 9 2 5 4 6 6 2 2 4 1 9 7 7 3 3 1 3 3 4 4 3 8 8 1 7 2 1 3 4 6 5 4 8 4 2 3 6 8 8 9 7 2 8 7
D42 8 3 7 9 3 6 2 2 5 5 7 2 7 5 6 8 4 7 6 2 8 9 5 4 6 8 3 1 4 4 1 9 3 5 6 8 6 3 6 1 4 6 7 3 9 7 1 2 1 9 9 7 3 5 4 7 9 2 8 9 9 7 9 9 3 4 2 3 5 5 6 7 7 1 2 9 2 6 1 3 2 3 5 6 9 4 7 6 2 8 7 7 8 1 1 8 4 5 8 5 4
D43 6 5 7 7 4 5 3 4 4 3 5 5 7 4 4 9 6 4 2 6 2 5 6 4 3 7 2 6 4 6 4 4 4 9 7 3 3 6 6 4 9 4 9 4 2 2 5 4 7 5 6 4 2 9 7 4 3 3 9 5 3 5 2 4 2 2 8 1 7 5 8 1 7 5 4 7 2 1 1 1 5 7 2 8 4 3 8 2 3 3 1 6 2 1 2 6 4 6 9 8 1
D44 8 9 6 5 6 6 9 4 2 9 2 9 2 8 9 9 9 2 4 7 2 1 3 4 8 6 2 9 2 5 4 7 8 5 5 2 8 2 6 8 6 4 4 6 4 8 9 1 4 4 2 6 3 7 5 4 5 8 3 7 6 1 7 7 1 9 6 2 5 4 7 8 1 5 3 1 3 6 7 8 4 3 5 9 6 9 6 2 5 9 8 7 1 4 7 7 6 8 6 3 4
D45 3 1 5 1 1 2 4 6 8 3 1 3 3 5 4 4 9 7 4 3 6 3 6 9 6 4 5 6 3 8 4 8 3 7 9 4 8 3 7 3 7 6 2 3 6 4 6 1 1 3 8 8 4 6 8 7 7 4 9 6 3 5 5 5 8 9 9 6 6 9 4 6 4 1 7 6 9 7 7 2 9 9 6 3 1 4 3 1 3 4 8 9 3 6 5 6 4 6 7 9 7
D46 6 1 2 1 9 9 7 2 6 4 1 1 5 2 4 1 4 6 4 1 7 2 9 3 8 8 3 4 2 4 9 2 3 4 5 1 7 7 9 4 6 2 4 2 5 7 1 7 6 6 8 8 6 3 5 2 5 9 1 5 6 7 9 6 5 7 1 5 2 4 7 5 6 2 3 7 2 6 5 1 4 2 4 1 2 8 6 2 6 9 7 9 5 7 7 3 7 1 9 6 5
D47 7 5 5 7 7 3 3 3 6 6 3 3 8 8 7 4 4 3 5 3 8 7 3 9 5 9 7 7 6 2 9 6 8 1 5 1 8 8 1 9 2 9 1 9 4 9 7 6 5 9 2 2 9 3 8 9 8 4 1 4 9 2 3 8 6 8 7 5 9 4 6 2 2 2 7 2 2 9 7 3 3 7 5 6 8 9 1 3 7 6 7 8 6 3 2 7 1 3 4 1 5
D48 3 2 3 8 6 7 6 6 3 8 7 7 6 5 8 5 9 9 1 6 7 3 7 7 2 7 1 5 9 7 7 2 8 3 8 3 7 2 4 6 9 5 9 5 8 1 7 4 5 6 5 1 9 2 9 2 9 6 9 6 6 2 8 3 7 5 3 1 8 3 2 1 4 8 3 1 4 9 1 2 9 2 3 7 3 9 6 3 9 1 3 1 2 8 7 2 2 9 6 5 6
D49 9 7 9 4 2 8 4 9 4 8 9 9 4 1 3 9 4 5 7 5 4 2 2 4 9 8 3 9 5 3 5 4 8 5 8 9 4 7 2 6 8 7 7 8 7 5 7 3 5 7 9 2 4 7 1 2 9 7 7 6 3 3 2 6 4 5 3 6 3 8 9 4 9 7 3 7 1 3 6 4 7 3 1 9 6 8 3 8 2 4 3 1 7 2 4 9 6 8 2 7 6
D50 9 7 1 8 3 2 3 6 3 5 6 8 7 8 3 4 6 7 9 1 8 8 6 4 3 3 6 8 7 1 6 7 7 9 5 1 2 4 5 9 1 3 5 3 4 3 4 1 8 4 7 2 2 6 2 6 2 4 7 8 3 9 2 8 8 4 1 1 2 9 2 2 6 7 7 9 6 8 6 2 1 5 9 8 4 5 5 6 3 5 2 1 1 7 2 4 5 7 2 6 1
D51 7 9 5 5 4 3 9 5 8 9 5 9 2 9 4 6 6 6 2 7 6 1 2 7 1 1 1 8 4 4 2 1 9 7 4 6 2 7 2 8 8 1 8 2 6 1 5 7 1 2 7 6 3 2 4 3 7 8 2 7 8 6 6 1 4 1 4 2 5 9 3 8 3 6 4 8 6 8 1 6 1 1 8 7 3 6 9 7 3 6 4 3 9 2 1 2 7 1 6 7 9
D52 8 6 3 8 7 3 9 2 3 2 1 4 5 6 5 1 3 1 5 5 6 8 1 4 1 9 7 7 5 7 2 4 7 3 2 2 1 5 6 6 9 4 1 6 5 6 3 2 6 1 7 7 7 1 4 7 9 5 2 7 1 7 6 7 3 3 7 2 1 9 9 7 7 3 2 7 9 1 4 6 7 7 2 4 5 1 1 3 3 8 9 1 2 2 4 2 7 9 7 6 1
D53 9 5 5 6 9 8 8 8 1 1 8 5 9 2 9 8 9 4 1 1 5 2 8 5 5 2 7 8 1 2 4 5 2 1 9 1 4 2 4 8 8 9 5 7 3 4 9 1 2 5 3 2 1 3 1 1 1 8 3 1 7 3 8 4 4 5 6 7 4 8 6 1 1 9 6 8 7 6 4 7 9 7 1 9 4 3 4 4 2 1 1 8 2 5 4 8 2 9 7 7 1
D54 2 4 4 3 7 8 2 4 3 2 6 4 6 2 4 6 5 3 8 7 3 6 4 5 5 7 5 3 5 7 5 5 9 3 6 1 5 8 5 9 6 8 8 3 7 7 6 7 2 9 1 1 3 3 1 7 4 2 5 6 9 4 2 5 3 2 1 2 6 8 3 9 9 2 8 5 4 5 4 8 4 6 2 5 6 5 2 7 4 8 7 7 9 1 6 6 6 6 7 6 1
D55 3 2 6 8 3 8 8 5 8 6 5 9 7 8 1 2 8 9 4 9 4 9 7 2 9 4 8 7 7 8 1 5 2 2 1 5 2 4 3 3 2 6 2 8 8 5 7 4 1 2 4 1 8 9 4 3 2 5 3 7 6 1 8 2 5 9 8 2 9 5 6 3 3 8 2 2 5 6 2 5 7 8 7 8 9 5 5 4 9 5 2 8 7 8 3 4 5 6 1 4 5
D56 7 5 1 7 8 7 4 8 5 9 5 1 9 5 6 4 6 8 3 5 2 2 7 6 4 5 1 7 8 9 8 5 3 9 6 5 3 6 3 6 4 2 8 4 9 7 2 4 5 3 9 5 2 3 9 7 2 9 4 9 2 4 5 2 1 7 1 8 3 6 7 1 6 7 6 4 1 9 4 7 7 2 1 8 8 7 8 3 2 7 8 1 9 4 4 3 6 1 6 2 9
D57 2 7 1 7 5 8 4 7 6 5 4 7 5 5 1 2 5 3 2 4 4 4 4 3 7 9 5 4 2 2 5 7 9 7 5 6 3 5 8 1 1 7 5 5 1 9 1 5 9 4 8 6 3 4 2 1 8 1 1 4 6 9 1 7 5 8 7 4 4 6 6 9 5 8 5 2 6 9 3 1 1 3 5 3 9 8 3 9 6 7 4 4 2 5 8 7 7 6 3 5 1
D58 7 9 1 2 3 3 8 7 6 4 9 1 2 4 3 1 5 7 2 5 6 7 1 7 4 8 4 6 9 5 4 8 9 4 3 8 5 2 9 3 2 1 8 3 7 1 1 9 8 3 6 3 4 1 5 1 1 7 6 2 2 7 1 2 8 6 2 7 4 2 6 9 9 8 3 3 2 5 4 7 4 9 2 6 7 4 6 7 4 8 9 1 7 9 5 2 6 7 2 2 1
D59 4 7 9 3 7 7 7 2 6 2 6 3 2 6 2 5 2 3 3 6 6 3 3 1 7 8 2 4 7 8 1 4 6 3 5 9 3 5 8 6 4 8 3 3 4 9 5 8 6 3 8 9 8 4 6 1 4 8 1 3 1 9 2 9 4 2 4 6 7 3 3 8 5 4 7 7 9 9 5 8 1 9 8 6 3 3 8 5 7 5 8 4 2 3 8 7 2 6 9 4 9
D60 2 2 9 7 7 1 6 7 6 6 2 6 4 9 1 8 5 1 4 1 6 2 5 7 2 6 6 5 5 3 2 7 1 6 6 3 2 2 9 5 7 5 7 4 8 7 5 6 5 7 2 5 3 9 6 3 7 4 3 8 4 1 6 1 5 7 6 2 4 2 1 3 3 7 1 9 6 4 3 3 2 2 5 9 2 2 6 2 4 6 5 1 6 1 3 5 5 6 8 5 1
D61 5 3 4 8 7 5 2 6 6 6 9 8 8 1 5 7 6 5 8 3 6 5 8 4 8 2 9 9 6 4 4 6 5 6 7 7 9 8 6 6 5 1 9 9 9 8 3 1 8 7 5 7 4 9 2 9 9 5 1 7 4 9 6 3 6 6 5 2 2 7 2 6 5 4 7 8 4 1 1 1 1 5 4 9 3 7 8 6 1 8 3 8 4 8 1 3 6 9 2 1 3
D62 4 5 3 2 2 7 9 2 7 7 7 3 7 1 1 5 2 9 7 4 4 2 5 4 1 8 3 6 4 9 7 9 3 1 5 3 6 8 4 5 5 4 4 4 4 4 5 2 2 9 2 6 2 5 4 7 7 6 5 1 3 9 1 5 2 4 1 3 7 3 4 2 3 9 3 5 2 4 7 7 3 5 1 1 5 9 1 1 4 4 2 9 9 2 9 6 8 4 2 2 9
D63 1 7 3 3 2 6 2 4 9 9 6 4 7 1 4 5 8 2 5 6 5 9 1 3 2 3 9 9 2 3 4 9 3 7 3 7 7 9 2 6 9 2 2 5 8 9 2 5 7 6 6 7 3 3 9 8 5 6 1 1 4 2 7 2 2 5 4 8 4 6 5 2 8 2 9 9 3 4 8 9 3 5 8 3 7 8 3 2 7 9 1 3 5 3 1 7 7 8 5 5 5
D64 1 5 6 1 7 1 2 2 5 7 1 1 1 6 2 1 6 2 6 8 2 9 8 1 7 6 6 6 6 7 3 6 3 7 7 8 2 9 5 9 5 7 9 4 2 9 2 3 2 3 6 3 8 6 7 1 3 3 2 7 9 4 5 3 9 4 5 1 2 9 2 5 8 3 6 4 7 3 6 9 1 3 2 8 7 2 6 3 8 3 9 1 5 3 6 2 9 6 7 5 9
D65 1 5 6 7 4 1 8 4 3 7 2 8 6 7 5 9 5 5 3 1 2 8 1 7 5 3 7 9 2 8 9 3 2 7 5 5 5 4 5 4 6 4 2 9 2 9 6 9 9 3 1 1 3 5 3 9 9 3 3 5 2 6 7 9 6 3 5 4 5 8 8 6 1 8 8 2 4 2 4 7 9 8 9 8 2 7 2 2 4 1 5 6 9 8 2 1 2 7 4 5 7
D66 3 2 7 5 1 1 9 5 1 7 9 1 4 3 5 7 8 2 7 1 7 8 2 9 1 6 1 3 6 3 8 5 2 4 9 4 8 5 1 7 3 8 3 1 5 2 4 1 9 6 8 4 9 2 9 5 6 3 4 6 7 1 7 1 5 6 2 9 6 7 8 1 8 4 8 6 9 4 2 2 5 9 3 8 4 6 6 3 5 3 1 7 4 7 3 5 5 2 2 4 4
D67 4 6 2 6 7 3 8 2 8 5 2 7 2 6 3 9 3 3 5 7 8 7 9 5 3 6 5 4 2 7 5 4 8 9 9 3 3 5 5 2 1 8 3 1 1 2 6 6 3 4 2 2 7 1 7 1 6 3 8 6 2 8 5 8 8 6 2 8 6 6 8 1 2 9 8 7 7 5 2 6 3 4 2 2 8 8 6 5 8 4 4 5 1 1 2 8 7 9 5 2 7
D68 8 7 7 5 2 6 4 2 9 7 6 5 3 4 3 8 3 7 7 7 7 2 3 9 3 2 9 9 4 9 3 7 7 8 4 3 3 5 1 3 6 3 5 9 2 2 6 6 8 2 9 2 1 2 7 8 5 6 1 6 8 3 1 4 1 8 5 1 8 9 2 9 8 7 3 2 7 5 6 4 2 9 3 7 8 2 6 8 7 3 1 6 8 6 5 8 2 1 1 4 6
D69 9 1 1 5 5 5 6 8 3 9 1 4 9 8 9 1 9 3 9 1 1 9 6 4 7 5 7 8 8 1 8 6 4 8 3 4 6 7 4 4 7 6 8 1 7 7 7 7 8 9 9 2 7 7 4 9 8 1 2 2 8 1 4 5 9 7 8 9 7 5 5 6 5 9 3 3 7 7 6 3 7 5 7 2 6 8 1 4 1 1 8 7 1 2 4 1 3 8 8 8 6
D70 6 5 9 4 7 1 9 7 9 7 2 6 4 3 2 6 8 6 9 5 2 8 9 4 6 8 9 5 6 4 5 7 9 6 6 8 4 3 7 5 2 2 6 8 1 6 2 2 7 1 6 7 8 7 6 9 3 6 4 2 1 1 3 4 2 1 4 7 6 6 9 2 4 5 1 8 8 6 5 8 3 3 2 5 3 3 6 8 2 4 7 1 1 7 7 1 1 4 5 5 4
D71 8 7 9 7 1 7 1 7 8 9 3 4 4 9 7 3 5 7 8 1 2 7 2 7 9 2 7 4 2 7 5 1 5 3 7 6 8 5 2 9 8 6 7 9 7 3 6 7 2 3 4 6 1 9 5 7 9 9 1 1 3 6 2 1 1 5 4 1 4 3 2 9 1 7 4 5 5 1 6 9 2 7 6 5 4 4 6 4 5 6 5 7 9 7 7 4 1 8 4 1 5
D72 8 4 8 8 3 9 3 1 2 6 2 6 1 1 5 9 8 3 3 1 3 1 8 1 5 9 7 4 9 9 2 6 4 8 7 7 9 5 6 1 6 2 6 9 8 9 8 3 8 6 6 6 3 1 4 6 2 7 7 4 4 1 2 9 8 8 9 7 9 2 6 3 6 3 8 4 6 9 2 2 7 2 2 4 9 8 2 8 4 2 7 6 5 1 2 8 1 3 2 5 4
D73 7 5 8 4 6 4 2 1 1 8 4 5 8 7 8 8 6 2 6 1 1 3 3 5 1 6 7 3 4 3 1 8 2 1 8 7 7 4 9 6 2 1 1 9 4 5 3 4 8 4 9 9 6 2 7 9 6 3 7 5 1 3 5 7 3 6 5 1 6 8 1 2 4 2 9 8 8 4 5 4 9 2 8 2 1 3 9 3 9 7 1 5 9 3 9 5 9 6 9 7 7
D74 8 7 9 9 6 7 2 9 1 1 3 6 5 2 9 4 4 5 8 4 5 4 6 3 8 6 5 2 7 2 1 7 5 1 4 4 7 9 2 1 2 7 6 4 1 1 5 1 7 1 1 2 3 1 9 8 5 2 5 6 1 4 9 2 5 1 4 4 6 9 3 9 6 7 2 6 6 2 2 2 1 5 8 2 5 8 5 2 3 6 5 4 4 5 2 9 2 2 9 3 7
D75 4 6 4 7 1 3 3 1 6 9 8 7 8 6 9 3 9 4 7 9 2 2 9 3 9 5 6 2 8 9 2 6 6 8 5 9 1 9 7 4 3 6 1 3 2 9 3 2 4 2 1 6 8 2 9 3 8 8 3 3 6 1 4 1 3 9 5 5 4 3 5 4 8 4 8 6 5 4 4 4 9 4 9 6 7 3 8 3 1 5 2 6 9 1 4 1 1 8 2 1 8
D76 4 3 4 5 1 1 3 6 1 2 7 1 7 4 6 8 9 6 9 4 6 8 9 3 2 6 4 1 8 9 9 2 9 7 5 7 9 8 6 4 1 6 3 6 6 4 2 9 2 3 1 7 1 9 1 5 7 3 9 8 3 5 7 4 5 3 9 9 7 2 7 7 5 9 3 4 1 6 4 1 2 3 9 8 7 4 1 8 4 3 9 4 4 9 2 5 4 9 5 9 9
D77 2 9 3 4 1 1 1 9 8 5 5 9 3 3 7 9 6 2 1 2 1 9 8 7 3 8 2 2 3 7 1 8 7 4 5 1 4 1 1 1 7 7 4 2 3 8 8 6 9 9 4 1 1 5 2 6 7 1 6 8 5 7 6 4 7 9 7 5 7 3 2 5 4 5 8 4 9 7 7 8 6 8 3 1 6 1 9 2 2 7 2 8 6 7 7 6 9 9 7 9 3
D78 3 1 5 4 2 9 3 8 6 5 1 4 3 1 5 6 2 3 6 4 9 5 4 2 6 2 7 3 9 5 8 6 8 3 3 5 3 8 8 2 4 1 4 4 9 3 2 9 9 1 6 8 3 9 2 6 1 7 3 7 4 9 5 3 8 6 2 3 8 7 6 1 9 3 5 7 7 3 4 7 8 2 9 7 8 6 6 9 4 5 9 1 4 7 9 6 8 9 4 1 8
D79 2 1 7 9 9 3 6 7 9 2 8 7 4 2 8 5 6 7 1 8 4 9 1 2 6 1 4 8 5 9 6 1 6 6 6 8 6 5 2 4 5 4 2 7 2 1 5 1 1 1 6 9 1 5 9 9 1 8 1 8 1 5 8 6 9 1 9 1 3 1 3 2 2 9 8 1 4 1 1 4 2 3 9 2 4 1 2 5 1 7 4 6 8 6 2 1 8 8 9 6 1
D80 9 3 6 9 3 5 5 7 4 4 7 9 4 4 6 6 7 1 3 9 6 6 5 3 5 1 3 4 5 9 4 3 1 6 7 8 1 4 5 2 1 8 6 5 9 2 8 9 1 7 8 3 4 3 7 9 3 6 8 6 2 7 2 2 2 1 1 7 5 3 1 6 1 9 2 1 7 6 6 5 4 4 3 8 7 9 1 7 4 7 1 5 3 5 4 2 4 3 1 8 5
D81 4 5 4 3 5 4 1 3 8 7 2 1 3 5 1 3 3 5 3 9 1 4 4 1 2 1 6 3 7 5 9 7 4 5 5 5 9 3 6 8 9 7 3 1 4 6 3 1 6 1 9 1 6 1 7 3 6 7 1 1 5 6 9 1 4 8 9 3 2 4 2 1 3 7 1 2 1 8 5 8 3 7 8 6 7 2 8 5 7 1 5 1 8 4 4 2 5 1 9 5 6
D82 2 1 4 7 6 1 1 8 4 5 7 8 7 2 4 1 9 3 3 9 3 8 2 3 2 1 2 8 9 2 7 5 3 9 6 1 5 7 4 8 5 9 9 9 1 2 3 4 9 6 1 9 6 4 4 3 7 3 2 8 4 8 1 5 9 1 4 6 8 3 5 7 1 7 8 8 9 6 6 2 3 4 4 8 1 4 4 1 3 5 6 9 9 9 1 9 8 2 1 1 6
D83 9 7 5 2 1 2 1 3 6 8 3 9 5 7 8 3 2 2 5 1 2 9 7 6 9 7 5 9 6 6 4 1 5 9 8 8 5 9 3 3 1 9 6 2 8 9 9 2 2 7 4 1 8 2 3 5 3 7 7 2 7 6 9 9 2 7 5 6 1 7 6 4 1 9 4 2 8 2 5 6 8 1 1 4 5 9 7 7 8 5 5 1 9 6 9 3 5 2 5 8 2
D84 8 4 1 5 1 7 8 3 3 7 4 3 8 3 7 2 1 6 8 1 9 3 3 4 1 9 3 4 1 4 1 5 5 7 8 4 7 4 3 6 4 3 9 5 7 6 5 7 6 2 3 2 3 1 8 6 2 8 6 7 1 7 3 8 6 4 8 9 2 6 5 5 3 8 8 5 8 8 3 2 9 2 9 4 2 1 4 9 9 4 9 6 1 6 9 2 6 2 4 8 7
D85 9 7 1 2 6 7 3 9 7 6 6 1 5 3 7 3 5 7 3 2 6 8 4 9 8 7 7 3 6 5 1 3 1 4 3 4 9 3 6 6 7 9 7 1 8 5 9 5 5 2 3 9 7 1 3 2 1 9 8 5 2 1 7 2 1 2 7 7 6 5 3 3 9 4 9 4 2 4 6 6 5 1 3 5 6 1 9 3 3 2 8 3 6 2 7 4 9 9 7 8 3
D86 5 2 7 8 9 7 8 9 6 2 2 4 9 7 2 8 7 9 8 3 1 2 2 4 6 4 9 4 6 6 1 8 3 6 3 2 5 1 9 7 3 4 6 3 7 6 9 5 4 3 1 3 3 7 7 1 3 8 9 7 7 8 6 3 1 7 1 1 9 7 4 6 1 7 6 4 7 3 1 4 3 1 2 5 8 1 4 4 5 7 8 6 1 7 3 6 8 7 6 9 9
D87 1 1 1 8 7 3 2 4 3 7 8 6 3 6 2 7 7 4 8 4 7 4 5 7 3 5 3 5 3 7 1 9 9 5 9 6 5 3 8 4 3 6 8 9 6 5 2 2 9 2 2 3 3 4 7 9 2 4 9 2 1 8 9 7 8 4 4 2 8 2 9 4 1 4 3 6 7 8 2 6 6 5 7 3 4 9 4 3 2 5 4 8 7 6 2 3 9 9 5 3 2
D88 8 6 7 1 1 2 3 1 5 3 1 8 6 9 3 9 9 1 3 6 8 4 5 9 6 7 7 4 4 4 5 5 8 9 2 7 1 1 4 7 2 2 1 2 7 9 6 2 9 7 1 9 2 4 9 4 3 1 7 6 4 6 6 4 6 8 3 4 1 4 9 8 4 7 3 9 4 2 5 2 6 1 6 4 3 2 7 9 3 6 9 2 7 5 5 7 9 4 9 9 4
D89 3 2 9 2 6 5 5 4 6 5 4 9 6 3 6 1 5 6 8 9 3 2 4 8 8 3 4 3 2 4 6 5 3 2 9 1 9 1 7 6 7 3 3 1 4 2 8 3 7 7 9 6 1 8 1 3 5 8 9 7 9 3 5 8 1 8 7 1 6 1 2 5 2 1 6 8 8 8 6 3 1 2 5 5 1 1 9 2 7 4 7 8 5 1 4 3 5 6 2 7 3
D90 1 3 9 6 6 4 8 5 7 9 5 5 4 6 2 3 1 2 2 8 8 2 6 5 3 5 5 5 3 3 4 7 2 4 4 1 8 1 8 7 9 8 5 8 3 7 4 5 9 7 4 6 7 9 4 3 8 1 9 1 2 8 9 7 3 7 6 2 3 5 4 2 4 8 5 5 3 8 6 2 2 9 7 9 6 5 1 6 6 3 3 3 3 7 2 2 3 7 3 7 9
D91 4 7 9 8 8 9 5 5 3 5 8 5 4 8 7 6 5 5 2 4 8 8 1 2 5 9 7 5 1 6 8 7 2 5 4 9 1 6 3 9 5 6 9 9 8 9 4 6 5 5 4 2 6 9 1 7 6 3 1 4 9 2 3 2 2 8 3 7 8 3 2 8 3 7 1 6 9 3 7 6 8 3 3 4 3 9 4 6 8 8 5 5 6 7 7 4 6 7 5 5 2
D92 7 6 1 4 3 3 7 4 8 9 3 5 4 6 4 8 3 5 1 6 5 8 9 8 8 3 4 4 5 9 9 1 8 1 2 7 8 1 3 7 9 8 8 9 3 8 1 8 7 8 1 6 7 5 5 7 3 6 7 1 2 4 8 6 1 5 7 6 9 8 4 5 7 8 5 9 4 4 8 1 8 5 1 4 2 4 8 5 1 7 1 9 3 3 6 6 6 1 5 6 8
D93 1 5 3 2 8 7 7 5 9 5 2 3 4 5 3 7 5 5 6 7 8 9 4 5 5 8 9 7 5 3 1 9 5 9 4 5 4 2 1 8 4 5 6 8 8 7 4 6 4 7 1 5 4 7 9 5 4 9 5 9 8 4 7 5 4 5 5 9 9 6 4 2 3 2 5 6 5 2 5 9 4 2 3 3 9 4 1 1 7 7 2 9 9 5 3 3 3 6 4 8 5
D94 1 9 1 6 1 3 5 7 8 9 6 9 8 9 4 9 7 5 5 1 2 3 8 6 5 1 9 3 3 2 4 2 9 7 8 3 6 6 1 6 3 3 3 8 5 4 9 9 1 2 8 5 7 1 5 3 2 2 9 4 4 7 2 3 3 6 3 5 4 3 8 3 6 7 7 2 3 4 7 2 3 7 7 3 1 3 5 7 4 1 6 2 3 4 6 6 7 5 7 2 1
D95 8 1 2 6 1 3 7 8 4 3 1 9 6 6 9 1 6 5 6 8 5 2 2 5 3 3 8 7 1 5 9 4 1 8 5 2 1 3 9 1 4 8 8 8 8 4 8 9 7 2 9 8 5 3 7 2 3 9 4 4 3 5 3 9 3 2 5 6 1 6 3 4 6 8 9 6 7 5 9 4 6 5 1 5 5 9 1 5 7 6 6 7 6 5 5 9 8 4 4 5 3
D96 8 7 5 3 5 3 5 1 6 4 4 8 2 4 2 1 3 8 6 7 2 6 8 8 4 6 5 9 8 2 7 7 1 1 4 5 4 7 3 7 8 6 6 8 8 7 6 6 6 8 1 5 3 8 6 2 7 7 5 8 5 1 9 4 2 4 9 2 4 2 5 3 2 9 5 5 1 6 7 1 9 8 8 7 5 3 9 7 8 6 5 8 3 7 2 3 2 5 7 1 9
D97 1 1 8 6 6 9 4 8 4 2 8 7 4 9 9 8 1 7 5 7 9 2 4 4 2 3 8 9 6 2 2 7 8 8 6 8 1 9 1 3 9 5 9 9 6 1 7 6 9 7 4 7 2 6 6 2 4 8 8 8 8 1 2 4 9 3 6 7 8 7 3 6 5 4 1 7 8 2 7 6 5 4 2 6 5 2 7 6 9 5 9 9 1 5 9 7 6 6 7 1 4
D98 1 6 4 1 9 4 6 7 8 9 9 8 3 2 5 1 3 1 3 4 7 5 5 1 8 4 5 2 1 9 2 6 1 1 9 4 9 5 7 1 6 8 1 9 3 1 1 6 6 1 3 7 3 3 3 7 4 4 3 9 2 4 8 6 7 7 2 4 6 3 9 4 2 6 1 6 1 8 5 6 2 2 9 3 6 5 4 2 8 7 2 6 8 7 1 5 2 6 7 7 3
D99 7 5 8 8 7 6 2 6 9 2 1 5 6 3 8 7 2 7 1 9 7 6 2 3 1 5 9 6 5 3 5 8 2 5 6 8 8 5 9 4 9 7 6 4 2 8 6 3 7 7 6 2 8 1 1 6 5 9 7 2 7 3 1 8 3 8 7 2 1 7 1 6 8 7 4 1 1 4 5 7 4 1 7 2 2 8 5 2 5 8 6 3 8 9 5 2 2 7 1 2 4
D100 1 4 5 9 1 5 2 9 6 2 3 8 1 3 1 8 1 5 4 7 5 8 1 5 4 3 5 3 8 3 1 9 9 6 1 8 2 9 8 3 5 9 1 9 4 4 4 9 6 8 4 3 1 7 4 8 3 1 5 2 3 6 3 3 6 5 9 1 3 3 6 8 3 3 6 8 6 3 4 1 8 4 6 3 6 9 9 3 3 4 7 3 8 8 6 4 5 2 6 3 6
D101 5 2 5 5 9 8 7 3 4 6 3 9 8 6 4 7 3 8 1 3 5 5 2 8 5 7 7 5 8 9 4 4 8 1 4 6 4 6 5 9 9 4 4 8 4 2 2 1 5 6 9 5 6 6 3 4 1 4 1 5 8 8 5 2 6 1 7 4 5 6 1 9 4 8 5 8 1 8 4 2 6 2 5 2 3 6 1 6 3 7 2 6 8 1 9 5 5 5 6 2 6
;
